Местное время: Fri Apr  5 17:41:18 2024
31263, 51189
1, 0
[ 298   74   17  102   27   25   24   72   20    1   15    4   10   -4    6  -68    3   -3    2    0  -65    2    0    7   -1 -101   35   -3   -1   32    0    0    0]
91  out of  126 58  out of  225
Местное время: Fri Apr  5 17:42:18 2024
-8847, 98500
1, 0
[ 134  243   32 -126   26   43    3   34  -14   15    1  156  -18   31   10   96    8   34   23  289  -13    0   23   69   11 -144  -11   68   43   72   30   51    0]
4  out of  35 47  out of  167
Местное время: Fri Apr  5 17:42:29 2024
-4400, 9886
1, 0
[  0   5  -1   0  -5 -48  43  13 100   0   1  -1 -40  11  17  -2  10 -25   9   9 -16  40 -42  -4  34  25  10  48  10  28  16 -33 -68]
11  out of  31 19  out of  120
Местное время: Fri Apr  5 17:42:37 2024
-8680, 22470
1, 0
[  2   2  -1  -1  90  49  -8  63  -3  -8  -4  76 -25 -10  -7 -15 -13 -13 -13  79 -33 -25 -15 -33 -40 -35 -17 -39 -47 -45 -17 -51 -16]
4  out of  20 8  out of  101
Местное время: Fri Apr  5 17:42:41 2024
-59679, 71720
1, 0
[ 130 -136   -2   22   -7   20    0   31  101   72   50   71   89  335  -19  180  123   34   99   11   20  149  113  -15 -126  -18   -3  -66   78   73 -138   66  -24]
1  out of  16 69  out of  93
Местное время: Fri Apr  5 17:42:44 2024
1909, 65380
1, 1
[ 14  17  62  66  -5  81   3  40 -33   4   7  72   8  73   5  63  17   7  17  79   7  35 -19 -49  44 161  93  82  55  59 -14  56   3]
5  out of  15 6  out of  15
Местное время: Fri Apr  5 17:42:45 2024
125541, 176992
1, 0
[1662  313  477 -323   -8   55  -70   68  -31 -975   17   51  -73   71  -59   93    0 1116  193  105  -22   70  -80  114  229    9  -18  -60  715   69  -23  -21  -48]
2  out of  4 23  out of  24
Местное время: Fri Apr  5 17:42:47 2024
10706, 18236
1, 0
[ 254 -194    0  -12   -2  -17  117   64  -11   31  -31   -2  292    3 -106   17  -29   11  -20   -9  -45  -46  -93   10  -67   -8  -61  244  -31    3  -68  -15  -58]
2  out of  2 1  out of  1
