Местное время: Sat Apr  6 11:07:45 2024
47724, 72572
1, 0
[ 426  202   17  102   27   25   24   72   20    1   15    4   10   -4    6  -68    3   -3    2    0  -65    2    0    7   -1 -101   35   -3   -1   32    0    0    0]
88  out of  125 77  out of  225
Местное время: Sat Apr  6 11:08:49 2024
-838823727, -1677566348
1, 0
[-16776186        19        32         2        26        43         3       290       -14        15         1        28       -18        31        10        96         8      -222        23        33       -13         0        23        69        11       -80       -11       132        43        72        30        51         0]
0  out of  37 40  out of  148
Местное время: Sat Apr  6 11:09:01 2024
-21322, -862
1, 1
[  0  19   5 -58  -4 -62 -95   4 -21   3   1 -15  90  -5 -73  -1  12   3  28 -20  -8 -25 -38   3 -16   1  -5  14   7   6  10   9   4]
5  out of  37 15  out of  37
Местное время: Sat Apr  6 11:09:07 2024
22441, 35844
1, 0
[208  64  10   0  -4  24  43  45 100   0  33   1 -40   5   2  -2  10 -25  17   9 -16  40 -42  -3  34  -5  18  32  10  48  14 -33 -70]
3  out of  17 50  out of  108
Местное время: Sat Apr  6 11:09:12 2024
-53766, 8683
1, 0
[ 70  14 153 -57 -89 -34  36 -50  94 -55  35 -44 -20 -48  11 -47  22 -45  99 -13 -35 -51 -63 -41  24 -47 -39  -9 101 -45 -93 -41  10]
5  out of  14 8  out of  58
Местное время: Sat Apr  6 11:09:14 2024
-4641, 3328
1, 0
[  6 -23   9 -54   8  19  11   4 -13 -18 -21  17 -19   8  20  43  15  -2   5  12 -28 -32   1  36  24  10   8  29 -16  14  51  12   6]
3  out of  9 30  out of  50
Местное время: Sat Apr  6 11:09:15 2024
7236, 32640
1, 0
[  30  -11   64    0   16  303 -101  -17  119  -19   72  198  106  170 -213 -284 -143  104  -95  167  -80    0   59  -35   95 -555 -111  -47 -113  116  -80  145  -78]
4  out of  6 10  out of  20
Местное время: Sat Apr  6 11:09:16 2024
2822, 4873
0, 0
[  0  -4 -29  29  36  13   8  19  31 -20 -16  -2  18   5  25  17 -31  21  27   8  38  18 -17  20  20   5  14  -4  18 -27  10  -2  17]
4  out of  10 3  out of  10
Местное время: Sat Apr  6 11:09:17 2024
9795, 25060
1, 1
[126 114 146 -43   6 101   8  -6  10 -11  14 -34  19 -13  10 119   1 -12  22 -24  26 -48  50 -14  10 -15  29 -18  48 -17  22 -10  25]
1  out of  2 1  out of  2
