[  -3928   35324   67867 -135734   54180       0       0       0       0       0  -25970  -87180   12238  -29982   40960  -46113  -21381    6502]
3;2
1  out of  31 ;  10  out of  37
-2116024179;1773352469
Местное время: Sun Mar 17 14:18:13 2024
[ 17458 -11965      0 135734    214      0      0 135734      0      0    490  -6479   7231  -4881   4590  -4747 -47086 -14088]
1;3
5  out of  19 ;  4  out of  30
-1597468535;1421080800
Местное время: Sun Mar 17 14:18:15 2024
[  31424  -22698       0       0   59331       0       0       0 -135734       0   -5390    -574  -11682   -9994   -2090  -15350    1681  -14358]
1;3
1  out of  14 ;  9  out of  26
-2080017227;1729864886
Местное время: Sun Mar 17 14:18:16 2024
[   4364   37729   67867  135734  -93207       0 -135734 -135734 -135734  -67867  -27440    7791   68422  -21848   10160   -6963    4805   53913]
2;2
3  out of  27 ;  6  out of  27
64735301;1365730056
Местное время: Sun Mar 17 14:18:17 2024
[   2618   -6945  -67867 -135734   12261  135734       0  135734       0   67867   14210     328       0   17199   -3330   -1582   30991  -41451]
1;2
3  out of  13 ;  5  out of  18
-1873951078;1871381481
Местное время: Sun Mar 17 14:18:17 2024
[  11348   -9981       0  135734  -57993 -135734 -135734 -135734 -135734       0  -32340   -3690   41164  -79487    -720  -31997  -23543   49579]
3;1
5  out of  17 ;  4  out of  10
-1528180133;1652078410
Местное время: Sun Mar 17 14:18:18 2024
